90
4794334
2599981
105813
2903684
4833756
1725641
1734375
238128
2383919
3622914
662589
3074114
2818228
1852701
292488
2930345
1402488
2454203
893001
4694422
4534101
3555011
4462214
2173599
1689000
560306
2048830
71197
3799298
1237553
4989937
4596781
4033524
1898172
3026977
3631459
618958
1975056
3972900
768687
3067413
725921
1532579
1924707
2433972
3281472
4660176
1318111
2371324
1189077
1832595
3617919
4870298
2168538
1365313
2178489
4504309
4062214
352454
3196743
4703317
4017706
1756663
4362825
3997892
686804
1791378
3056638
4749995
4488094
3355492
3946963
1881247
4762426
571299
2994040
78347
2084101
4301121
1737856
630781
2403100
2089526
2708718
966232
4623477
4379346
3761098
4410460
3630290

