1000
491818
2898043
957549
2765194
2753380
3271331
856851
4203080
2878048
4928627
4178160
1379246
233366
4790382
3306195
3080935
3146135
4833957
3349079
1057481
1141314
4454510
158508
3171934
4537308
3412827
3059342
3349120
262687
2698059
4196220
2169793
802013
223511
4386297
2109857
431451
2949605
1519859
14059
3294093
4636297
4099804
2857432
4301081
4236489
4227975
48284
904922
3750785
2663750
2120168
419857
999532
1488899
709552
2825719
4140816
3476344
3275432
3234313
3518436
3057097
2118506
1085854
3809378
3244609
1208697
4991344
1075729
307717
2796321
1024124
3310717
3649372
1600930
3892094
4818618
1756691
1967131
2472499
4529423
3249987
4085430
50821
3659576
4268790
3687502
3694239
2964145
1306917
2214679
3098312
2202309
3245716
3509468
4147724
4024814
4745412
3670193
2773966
1673798
3806218
1301255
2929187
3129815
4368854
2236333
320102
4898491
2559648
100227
3502204
3817600
4586715
4220468
2265603
2543002
2630876
4129060
2060184
586619
1440181
4803839
456637
1123814
3421209
1737080
3763938
3480074
1563601
2490810
1359662
310376
475091
214558
2824802
4625999
368912
2618240
2343232
2173828
1729157
2795983
2112110
1901958
2762172
4130444
4809481
342604
1267854
3644074
321531
4022676
3758297
4249089
4343724
758424
168487
4201838
3877721
3159516
4257541
173883
4028014
3076017
1862305
1354889
3579788
1081831
2436162
3092635
3554084
2965662
4600461
2850821
4512333
938924
2573767
260789
642823
326477
2666276
4392269
2349070
3004274
2530156
2056698
1167587
2864966
174489
837304
2349634
367683
3185677
3295941
2638051
3246517
4719660
4724317
1795320
881823
2753727
797951
2346597
2061124
4073074
2739490
821857
4886203
4449342
4870019
2413156
4451108
1594352
692383
1245608
1588767
4768060
4651671
2806554
4241703
1382505
4347217
788455
3304591
4606990
839648
1362033
3127036
2292940
1847025
1705506
863852
2262301
1743778
2745394
816369
3255105
3468900
4126713
537921
282014
3965735
2178444
55943
604761
3927762
3960368
1434349
1733261
441555
3112810
510191
1808235
2871974
1285528
2946978
652555
4243327
4424803
2495027
2465204
1048859
977377
3592002
929363
2495249
4736113
4707988
883748
3701444
2158764
3243316
4883254
4727896
3631982
1066435
922439
4990657
429397
3313557
4795094
859160
2480632
1069131
156086
62880
3803198
4371849
3470154
498239
2471910
1461112
925097
434721
2453310
4416316
1307680
3162206
4037973
3445623
2918450
2788694
2335575
765092
4720641
1383106
3692557
1536609
784068
1536393
696767
619957
2320859
2477792
104250
288640
1025351
470206
4358012
2999390
3923587
4866662
3767494
506829
2383411
2018780
3775770
2111569
1413498
2382216
2078053
4009768
1320623
1487033
2229808
1431675
1534140
2099245
237142
447794
2998258
822723
2004147
1600236
4044299
3243176
3492331
120809
4202947
1466097
4950480
3052416
2446564
3571511
2137342
384957
3712528
4842240
2203868
1209704
2655247
2514072
3591449
1488993
2371366
4467964
34375
3363561
4709384
3397829
1116515
2631167
3079700
4764079
19368
127179
2345095
1552881
2378025
3674110
956233
2090988
420760
3238188
2340117
3201657
55992
4483574
4682844
2371917
1283162
523701
226398
4247932
186544
775262
2748989
1863419
4041614
1001560
4020578
2577215
1781240
393095
3688577
1532855
1914338
1710718
1037360
87276
209977
4174386
2009582
4626194
3319302
3506667
1341078
848838
3990890
1158462
1222448
152040
2835852
4970874
4446537
1246744
2630484
121474
2481527
589955
690171
1186680
258999
4822882
191359
4165998
230668
1709912
1579063
718211
1744738
3204822
100186
4035634
4841132
3415724
4782725
2324713
949495
2961959
1563277
2575093
690609
4535276
3356694
754066
2095153
1550511
150198
3765635
1379175
2365989
83197
140012
3596490
1480757
1985169
4944047
2779771
4900041
493771
3828307
2409514
946993
1826887
2362288
2577766
4450419
1707884
981844
2338548
2890979
4324091
2749647
341610
2579092
1560136
2112824
1350264
3819957
1864156
105829
116991
2226364
2275471
4585050
2658776
4715585
4170647
2953617
906014
1477088
2423874
3529946
4179115
1318202
3274998
2536798
2477104
771246
4067969
1165213
1368574
4933874
2968909
4886649
4858319
1860695
1011506
2242511
1595846
4233851
1556437
1876051
196018
1337128
529489
2270044
538382
1021248
2345203
4784245
4726796
3827105
497246
3146091
3715237
2955590
4253799
2900551
573998
3832585
2031495
1002862
2524584
4414910
3717775
4830777
4358040
2853383
1988922
917458
1417536
4020127
4448051
3419912
2953854
2832403
4676216
3900843
352981
2479420
2416133
4791936
2258430
2457088
1390248
4484589
3350202
159216
3610928
207816
1131215
2929345
1929965
1865094
2715570
417096
3854850
1127734
4079806
2955461
2372810
583006
505037
4080221
10162
1293824
2928317
471267
721730
2470393
784653
3292304
4856406
2183065
618809
4995998
2397726
2261550
4153546
1214122
971402
86511
28154
4242083
186319
2206862
4053537
368380
591751
645912
4160359
421530
2169517
1567143
1651366
1683977
1184328
572858
2497634
2788445
2679497
1951282
2254270
2006659
1670981
1828505
2566042
4347916
698085
3717924
3283232
2776281
709047
181885
2053015
27236
4832995
113123
3551458
1865860
3656328
500284
3299357
4297049
4050453
2821214
2881878
256244
1861812
2899322
4388118
3772585
3218639
2761715
3054609
3618212
483686
10010
3000289
2068832
326198
425446
3173865
2318958
113429
4902108
4318834
1564695
1070273
3738137
372738
1202644
394711
386959
2585842
1244840
1808312
3245610
2772823
2959426
43510
4076668
102789
4490776
1177641
4246767
1469602
4973006
1673725
947919
3318541
3853938
2377115
3923539
3364915
2392903
3382764
3132191
2138764
3427684
4184084
1223137
4060951
2404232
2767536
389853
3049088
4233704
2843330
4130624
301228
221
2465732
2324802
3944175
2506301
4407426
3275251
2026253
1986690
2146403
49155
2346702
3244297
2419126
3100566
2795675
229544
1908898
4273910
3909542
1277677
4939246
4083352
3352946
3913690
38739
2420516
3409999
1211606
2984270
1841231
265021
1003737
1411215
315875
4407351
204593
1701645
3372527
1307753
2517562
4144596
909696
3380037
2486093
2995489
3756404
1592525
2038748
948034
1849854
342245
2972527
248507
2056419
3046674
3401201
600526
4447197
101437
597904
2923167
2095463
3835347
2771657
985117
1330973
1137674
4814727
1164024
4486851
3971113
1593540
3199153
2922405
1493981
4945045
703699
3293648
4971575
1669173
73267
3013411
3232541
4081374
4064046
3489604
3906192
2473236
3256708
3407997
1942155
1771512
807023
4419042
525071
3816520
4758084
3597233
2932808
1347829
2171957
2876310
2262285
3105078
856807
149974
1856366
3774628
3143867
2217433
4486135
2235721
1900791
2109984
1404369
722132
3729298
4439420
3603974
4250953
1765996
2596681
3566106
152715
4818251
2976741
4654939
2944239
2421116
3596304
111205
2258509
1922929
1160530
2176114
4882015
4798937
2619844
2753706
828274
3580184
1330271
794901
231572
264330
4879862
1746420
794238
585608
4328178
2310200
972115
3583584
1971199
3433868
2734612
2904091
4136599
4464220
2234239
2849545
358216
2790769
1879439
3135209
3596298
794521
4132600
193208
2043713
1288007
1954536
4897771
1102392
1885575
2820515
1373363
2442517
3632899
439311
4476516
3105716
468645
3133455
4432254
2302390
3217055
2125257
1224579
1862158
2477004
876395
130025
1826848
2212591
1863713
4139464
4044916
3418436
2449969
2332146
1602680
1905860
4892409
2444935
2272389
4954166
3392790
4654190
761173
2036282
2348765
954802
2314
4523982
3590565
3466564
1182696
1394559
3730460
2787298
3805302
3605691
2947910
332232
4390476
913437
3656602
2441642
3820467
2625110
663201
3409922
2181137
1200148
1857654
301514
4336441
2640897
1917996
3728206
999182
4556421
2798447
4802405
2615002
2261742
3917078
953839
3079868
1841971
1622897
4350557
2277535
3287060
3030462
1291595
3147916
2001600
3160589
3354880
1558786
2120633
3740876
3836958
2124388
2727616
3760077
87913
547193
1406748
1885808
2806066
1386081
283694
2005924
3954821
4740470
906885
4808168
2707433
890020
81885
984763
