98
364
540
1028
1847
2434
2961
3230
3589
4025
4991
5311
5741
6293
6648
7415
7892
8213
8844
9359
9704
10009
10755
11026
11879
12083
12841
13488
13547
14266
14685
15273
15731
16176
16743
17468
17507
18155
18511
19147
19957
20015
20821
21341
21713
22095
22720
23392
23510
24003
24817
25004
25505
26488
26521
27040
27792
28284
28528
29330
29539
30219
30938
31021
31673
32387
32691
33174
33624
34225
34589
35174
35737
36069
36823
37020
37682
38405
38998
39278
39726
40141
40766
41401
41992
42138
42957
43036
43792
44200
44563
45426
45669
46460
1000000
2000000
3000000
4000000
5000000
