115
546681
626331
970599
10000
100
1126015
2580534
1941198
5000000
4500000
10
15
2000000
2
1
1784827
2131320
2144566
3636436
3536173
1919817
2300144
2780148
3640457
67161
3290063
124426
532049
2177317
1916475
2884631
254953
3013813
1525415
1256976
80416
3708849
2751661
2252456
2394048
3016996
1881865
1239598
112272
2904467
133026
3918258
1805178
354373
1903817
3561776
3567554
2891012
92987
3526102
1233756
3972245
1092725
2559139
2542935
1533400
502719
1351649
3699938
2646649
3901428
826867
102629
3544560
678293
3369429
2806602
2702855
1717495
2759401
3415029
3043924
828508
2087683
1937336
1132298
3767292
1177611
2770014
3744935
2868388
3442385
2240839
3186197
1528444
679112
1878141
3545431
110251
967428
1400706
2699137
109439
219852
1922511
3155724
1507525
3730050
2786106
2968034
3310015
1493789
2369004
1352178
51095
576180
857309
358886
388065
3459193
