99
10
15
20
1
5000000
4885386
4760492
1516649
4641421
202362
490027
3368690
2520059
4897763
2513926
180540
383426
4089172
3455736
5211
1595368
4702567
1956429
1465782
1021530
3722862
3665123
174067
3703135
1513929
1979802
634022
723058
4133069
898167
4961393
4018456
3175011
1478042
1176229
3377373
4484421
4544919
3413784
1898537
4575198
3594324
4798315
3664370
4566413
4803526
2776091
4268980
1759956
4241873
2806862
2999170
2906996
497281
1702305
4420925
2477084
2336327
2660336
4126505
750846
2621729
661313
3925857
1616124
4353895
4819582
1100545
3898814
3233367
515434
990364
4344043
313750
2171087
1426808
117276
4947178
695788
4393584
1705403
3502651
2392754
4612399
3999932
4095060
1549676
3993368
3947739
4210012
636226
4698586
4348094
1297539