98
282656
2405547
4091258
2400643
1810270
2763919
1991962
3293653
1495902
2211294
143058
578240
2291278
2571214
1424078
4975324
3708208
4461739
4851404
181928
2266723
3928824
4881665
4669746
2344115
2202937
484262
4287891
427874
4759035
3518665
1691678
2439886
490439
2700567
3540174
1560445
395546
4628347
4984828
3385072
1338483
4748210
2793153
3237923
2549276
4844953
463530
1833646
957537
3803879
2484688
1670648
1683142
2737702
1593670
3771089
1021609
782598
4801498
3353590
3062810
599912
4530518
4314673
241015
2186746
2375798
1133358
4176803
4363033
4627778
3035763
3790949
3065110
3226230
2315079
1831408
39645
4857620
3574324
282584
2885026
3903928
3071573
1718521
1285388
4018820
2574682
306271
3451856
4895139
2147364
441893
2113340
395558
4846182
2718988