99
37701
75402
113104
150805
188506
226207
263909
301610
339311
377012
414714
452415
490116
527817
565519
603220
640921
678622
716324
754025
791726
829427
867129
904830
942531
980232
1017934
1055635
1093336
1131037
1168739
1206440
1244141
1281842
1319543
1357245
1394946
1432647
1470348
1508050
1545751
1583452
1621153
1658855
1696556
1734257
1771958
1809660
1847361
1885062
1922763
1960465
1998166
2035867
2073568
2111270
2148971
2186672
2224373
2262075
2299776
2337477
2375178
2412880
2450581
2488282
2525983
2563684
2601386
2639087
2676788
2714489
2752191
2789892
2827593
2865294
2902996
2940697
2978398
3016099
3053801
3091502
3129203
3166904
3204606
3242307
3280008
3317709
3355411
3393112
3430813
3468514
3506216
3543917
3581618
3619319
3657021
3694722
3732423
