75
2936886
2814416
3102410
2815438
4870722
4103398
3082875
3356826
1520399
1919197
3395988
3783014
1578256
1131341
604638
807198
4830303
2461587
796969
4188857
154227
2743688
2260638
1107415
3928676
1834063
2662215
387920
407952
4663334
3616768
313021
3672404
1877130
3561493
2909416
1443476
3931148
1049224
2871668
498405
3556985
73696
1534811
2577951
4410494
3442005
4492823
937027
4059950
704097
1398610
4185898
340145
3796910
2460230
4028877
3103793
4559620
3433699
1853574
1135094
1205972
4988260
2370499
4265447
1779865
177120
3690795
3622107
3613804
1507559
2291097
1829876
1109799