95
3012807
3225249
4329548
993513
4530635
2615511
1635673
4861474
4037379
3180094
103349
2147642
625923
471004
4927484
2980719
3852037
176896
386364
1639785
2676849
2519287
1937804
2125419
3282909
210619
4557790
4434349
2269948
870915
4218582
3888118
3246567
3589380
285663
955724
2238563
100292
3985480
2789332
4270647
2062998
3214324
321662
833017
99216
3156733
167168
726867
1955218
2946534
755747
2286063
643185
3052623
3728382
1307279
916428
1364807
2379524
2176438
4739776
2451037
1089827
407520
1640123
1162242
1111665
4132988
3420316
1225634
1298648
977250
3711757
2356178
4226234
1544240
943744
3314204
3478165
3874921
3081251
2530927
686274
4883513
259107
3955489
2495122
3943469
355176
4057753
2878672
558927
3210469
647827
