98
1
2
1
2
3
4
5
6
5
6
10970
10971
13253
13254
13255
17645
17646
17647
17671
17672
17673
23527
23528
23529
26621
26622
26623
34237
34238
34239
35495
35496
35497
35653
35654
35655
52525
52526
52527
77029
77030
77031
106237
106238
106239
142585
142586
142587
156157
156158
156159
216365
216366
216367
230629
230630
230631
410009
410010
410011
511933
511934
511935
626329
626330
626331
837797
837798
837799
1117063
1117064
1117065
1126013
1126014
1126015
1501351
1501352
1501353
1564061
1564062
1564063
1723517
1723518
1723519
2298023
2298024
2298025
3064031
3064032
3064033
3542885
3542886
3542887
3732421
3732422
3732423
4999999
5000000
